1339.4121629309439
1291.6127967733848
939.7888792643932
1164.5621571414965
1170.499035421128
1355.6740074093007
1217.9082205134675
1723.5598643245405
1295.6981193344075
1306.3784958401752
1261.4679131276307
1273.6824126233248
1086.329321658322
1155.9641843093357
1153.1379163305953
1320.8941351055553
1317.8221100590122
1331.6338795457332
1077.7008362251054
1227.7442903485098
1047.7497068044897
1164.8855682451538
1021.2370309128496
1231.4419696345735
1347.0181237055226
1288.9388305784069
1444.0471108791876
1013.5592924373941
1519.018230536264
1407.338270824797
1393.041223063257
932.1859947867987
1534.0834288959138
1317.3566602508367
1181.3209608898965
1339.0011123469847
1307.725146112153
1322.504712383111
1035.9977535872392
1507.1215549091685
1014.7081192410998
1357.3360264240173
1075.7481196186611
1096.3620773924386
1357.1109075905738
1451.0306533290814
1210.46770556081
1123.7255584090192
1176.1837024618128
1080.1349821878807
1536.608890600804
1150.4591029684907
1217.470984078809
1460.9007490825873
1140.7291421766852
1352.252555840085
1016.5372142151
941.3209024377735
1360.294022144069
1393.1452566829344
1223.1185810135269
1094.3584675231898
1445.8100966667846
1281.2041257800634
1302.9186208999095
1390.409558337126
1645.345145536901
1290.6023487587956
1080.34653917774
1315.450052693599
1126.3817769879133
1217.9878305080626
1042.2462787128536
1398.575473685383
1090.144186618429
1206.71705322173
1232.2605913312138
1211.355075379788
1238.6642372449821
1249.115790742557
1288.6096910861509
1164.0692479424836
1095.9994961338662
1170.1551618588583
982.4170508554068
964.7907748676138
1231.5556741904015
1286.5882432413628
1228.9927292776072
1492.2516969247972
1225.780571211141
1361.031276418474
1300.6089636663291
1309.0370545989776
1314.7479429770933
944.4656183928854
1277.1348950586025
1336.3444109961174
1089.7156569000713
1237.1333664497106
