1.247934586885266981e+03
1.321995659607613106e+03
1.309552559892348199e+03
1.259483053925861896e+03
1.247712030889189919e+03
1.199183033562248056e+03
1.257585615865248201e+03
1.258430599003303996e+03
1.336047800523044089e+03
1.296071048955321430e+03
1.125825373814740033e+03
1.145133900930102527e+03
1.420741484267959777e+03
1.186900280811248422e+03
1.092072613193570760e+03
1.336957477744093467e+03
1.319173035605337873e+03
1.275563248473661588e+03
1.290820248274484584e+03
1.169839881210349631e+03
1.258582810242400228e+03
1.326203119184149273e+03
1.212408449578582122e+03
1.211217015739869566e+03
1.198849050073508351e+03
1.323727567056284443e+03
1.294957807068865804e+03
1.283570469426408181e+03
1.226157163653384487e+03
1.196934512715242363e+03
1.149975077128378189e+03
1.146996944154355788e+03
1.408248346415170090e+03
1.213615264020538234e+03
1.184532947642256204e+03
1.165915820388005159e+03
1.266495378444241851e+03
1.319568804015588285e+03
1.225411121329840398e+03
1.348181283994011892e+03
1.163854063810406387e+03
1.218546813369224765e+03
1.150175159812460606e+03
1.429190874034095032e+03
1.273878566547643004e+03
1.278025063325039810e+03
1.310762687607477346e+03
1.155420038019467029e+03
1.151738352847174838e+03
1.351710365539822760e+03
1.266096897242363866e+03
1.202063958229427271e+03
1.299925203687975682e+03
1.195976844216576183e+03
1.284853701968393125e+03
1.483983217285127694e+03
1.155440144300237989e+03
1.319936595977816523e+03
1.262521650292657341e+03
1.302624264779012492e+03
1.302185894220393038e+03
1.339219564579223288e+03
1.195109465544548584e+03
1.388396343526147120e+03
1.297234132767664050e+03
1.314065720454844268e+03
1.358955850053868744e+03
1.139680129818532350e+03
1.169332552271472650e+03
1.204644627974212199e+03
1.335992901123886895e+03
1.214133979239238897e+03
1.185258756580033150e+03
1.291542369276260615e+03
1.186612019894073001e+03
1.335755397910592137e+03
1.224886975242203107e+03
1.239067392793554063e+03
1.338404034802239721e+03
1.253613695640469814e+03
1.247833286215232874e+03
1.278471036552224632e+03
1.338071082780774304e+03
1.194693799501814055e+03
1.195454077584237893e+03
1.230079840901601528e+03
1.296873948025308664e+03
1.189345379924018289e+03
1.395474461254759717e+03
1.242596018107220743e+03
1.330430126396203150e+03
1.237380721092989461e+03
1.294585103923070619e+03
1.295408254325557891e+03
1.231836983040255518e+03
1.258331061600206112e+03
1.370620576961596043e+03
1.199814324654162647e+03
1.215462015636693877e+03
1.359257391597985134e+03
